7.183250505625234
4.7931864974108205
2.1693221877605415
5.528662184592615
5.429187807298015
4.396195645856442

4.741463567438864
3.1405175459419965
4.9861936652695285
4.790393353444487
6.50381880130243
4.573558370217674
1.5536150610352508
4.824065188020531
3.220047248022355

1.3598502906322119
5.00718450732869
4.862275532711973
8.786837474975583
5.968022674024015
5.677991517451437
2.888977183082473
7.037318951468045
4.044749683231374

8.5710840360411
5.004965153346165
3.938841194393127
5.38422881900265
7.186121590175548
0.7394994956943786
11.229366487205597
2.3193199558055717
3.1920101922040485

2.0748002646434043
1.4385799405085014
5.555090258292551
1.2193727451400205
2.020034435102721
1.9689131298676819
3.094378070997751
3.355400027286272
3.284391867343472

4.867163100065777
3.1148110540599574
4.548424573385075
5.136174224539112
5.427071209269536
4.428157741943074
6.105704315703194
5.087788921417571
3.3000946956110213

3.612730397729133
3.586575659780185
0.933652915402681
4.960363294612984
5.227474020195767
5.406302098642494
2.6668036623918363
7.549572195382528
4.905265981476341

1.5241412557673704
10.775264711618304
3.829629393046879
5.050750069965337
5.73112773501483
6.411244728675161
2.3309037456536386
2.1179939504191134
5.464285714286007

5.254271318296327
6.778767306243748
6.309033443448987
2.612342723394876
2.6847577135140552
10.148927255454879
6.985524241057692
5.228700148565657

1.6783538000146536
4.937465352361226
6.074004047971584
3.5254442278922995
7.528762685441503
2.406038954904569
6.789202468000236

4.775334624552659
1.8155036034631349
4.937596315724272
1.9889798999627375
2.588029387069322
1.9004360513007696

6.675075306987629
4.995925980840446
5.6813307175199945
4.723112910044341

6.78562633240231
9.398794851882068
12.194011951328308
3.7747909006514555
8.012572251127953

3.8332716318278606
6.087199935335191
9.562802897967815
3.524888465599416
3.5132057719294183
1.3988789324573556
5.670114316972676

8.824401610053227
4.1422147538525795
1.9588466015678663
2.5044083132971586
3.44241253797858
4.015897360805925
7.552645772160568
3.1081081081081265

3.1091272626897877
5.480335818056248
5.429859331507842
7.312529200102604
2.77281537651878
5.352652386804559
1.1621252190795732
3.7208716722396824
5.561958722813723

0.3770967816375999
8.79156136568115
1.0111045157679743
7.515268511182995
3.2028469045813135
4.628639400806997
3.865011917669112
1.9629629629629766
3.9003498673161365

3.151515151515156
2.578348354506902
5.169698378061094
1.303097470080053
2.2046088334013425
5.3564697334945555
0.15435183768236474
7.197678123170789

2.6066843613509127
5.44426329390538
1.8677258262514387
4.195372483137913
5.822595194234035
5.514109665703554
3.9334460054120473

6.715264663111528
9.155376773568477
1.669841315169337
5.659301491460293
4.2723742710444705
8.175741893955687
2.8564148598222943

5.995291971426653
7.30437048108869
6.574107459487493
4.531468045945144
2.9861885914781308
5.396806511586092
5.21070387867538

3.3873933774147
7.000714249274855
7.332424186068612
0.2697753619873624
1.343493219361718
3.451648526576955
3.8857341995612416
4.7064160939564585
2.1528130153422294

7.476839046709187
2.4695892815592773
5.955785236035439
6.268340962602989
1.0274259968777029
2.901863878084654
0.41865995902420056

2.6103713866183993
5.785967782945739
3.0322652483756993
5.916653204144802
5.4850301326023105
2.9402039321475333

1.4856344248878155
2.70459353228706
3.5054994272668054
3.6873107256930955
3.515617872933308
1.0928644948536606
0.5437421421122666

1.124891248567351
7.978657613685191
5.694348703186351
1.6712080325586394
3.9514287471795897
4.512303558113492
1.7377462508243273
6.670415612572002

1.6473375819481593
4.833333333333329
8.756369314350799
3.231440260784456
7.796194748083481
5.8620983905967385
3.243902439024396

5.25417442248377
5.5901699437494745
9.188164541316771
2.3852085202476316
0.7600142304628952
1.6368759515878661
4.068400384972573

5.097512336770642
8.139410298049853
10.317818764225187
3.2454724963767396
4.622800706340974
5.138202046925143
0.9280355596635244

4.027316498598083
4.23863768004722
4.617948006093376
2.2353841987608556
4.066211213577025
2.1828821392583833
3.6006869025621917

4.824649153749423
0.9864044946980437
3.5864831805276545
7.634781533383983
4.366509324596503
4.609772228646459
2.1452372309212793

1.2104122454054318
7.2100859569198406
5.3887158467576555
5.51827791102587
4.009598434799766
6.542430040801789
4.111687997112091

6.5365235722252235
0.6009252125773368
4.099406955052261
6.420709608848532
4.4132094960260755
3.407308642671415
5.982735578311993

3.4338175574264054
8.128621641823303
3.781818900345619
4.53905240253179
1.2486514171382146
2.44768806373089
5.567542147672174

6.63966879697725
4.242635339502852
9.317995442288055
3.8156582764369666
6.471215981925035
5.596572868273757
11.396187207478897

3.3562466432763647
3.345173984371004
0.9807721766547499
1.9732254881691795
8.952620513709938
5.8406951389909825
5.5836302311163175

4.6067235819018215
5.400688858988548
1.4420765496625279
5.409792661364401
5.06397831133714
6.890536078407806
5.9139186712715786

6.002648279442574
7.474119128526424
1.3875474026448031
4.2980003177649495
3.0017885627140464
5.881937712956912
4.860962376883275

8.499136395611723
1.7803230529907579
2.5173867395230825
5.212319411312601
3.5152574365892844
4.930358740284169

2.6367391490760967
6.946221994724902
9.936491152650127

1.9569385767464045
5.4360820959207405
6.648477844820021
5.536681703932209

0.3159338299916958
6.550252102555968
4.695152983486741
5.2095194567752845
2.65621148229534

8.897053405318596
5.3428678857797784
4.684735378026206
7.054687895742387
4.036180565376685

2.874691360044146
4.534872594069572
6.181667877804448
0.8311049357186796

8.799813592550828
7.303335615396012
0.8469717298182262
8.913015973956089
5.448208967021868

2.7230114598791895
1.705892565328929
7.242242550515178
6.3638041029811365

6.172217110313753
5.08340322242872
2.096513938697527

4.172309548507172
4.782225304482375
6.009542056047185
2.8632677955677726

3.872750008695125
4.758012188979633
11.012980927213695

3.7864427637731386
6.413949321993667

5.978120064128342
1.1220985245759254
1.785488503007719
4.346676732391907

1.6266684810440668
3.9676719440529844
7.476035644597261
6.758806043499505

5.132948864481301
12.264400249383979

3.5027505285280074
8.077300642220779
0.5251232450354543

3.1906596507982665
3.325167080179819
4.99656038093159

1.7508816121466027
1.7312606806995692
7.113246202086304

1.5656983651439647
1.7066828761985413
3.4575912656563226
7.071591344112417
3.1205402136060454

8.234137502383863
4.261420936878541
3.3339231656294936

5.587887775888022
3.6695181579683567
1.9792001068158787
5.453128764461664

5.842588225949908
3.5199721705764673
2.490592871229964
3.7226511370108106
8.219750249648667
5.978465728691247

3.546782315337034
4.04113509912965
1.8040424402728354
5.350457334657127
5.4673554218325835

7.015936265844392
2.2053633280942937
8.369983842436987
8.440086054492443
5.42396498320029

1.4721276314618974
4.878452582684122
2.6802902707198237
0.8988989332680962
4.910999568848971

5.240909204656535
1.9972833353550474
6.076180600821017
4.385886036698347
10.315569106591571

5.300605696056756
2.344130220843367
4.296442446769417
4.297622780119774

2.2345388925905945
5.476237003231351
5.846962743335093
5.8532394596748425

2.838250176164885
7.870596487084088
3.9907678110351674
2.5375869031822273

0.45039932805390664
5.207495969151382
2.633683369094139
11.04014000911023

3.471271474773677
4.691671721277611
2.546772350041881

10.37241119810143
5.015520225041447

4.47213595499958
3.5714818959478563
5.487998485406133

4.41688467510708
6.590815132354851
2.3298497359021706

5.240541422831424
9.904196698617081
3.0689205994203252

7.633579055719126
2.24273252414956
5.049710164720271

2.013191995748417
1.9161074510737608
9.316434563148217
3.861768606724833
5.050270827902188

4.994795116087262
12.776816093160924
6.1756999066795855
5.996632507309542
4.531728596337969
4.4692285322071825

7.029294630698448
2.488980558132195
5.612868882299131
3.7210737910195673
2.5533834982297963
1.2224747213928362

4.713269468816852
8.350042419982987
2.3112201751797476
5.644548320454275
10.63014581273465

8.370878512689218
3.2032261264350184
5.007290904534299
1.6133712505669555
4.888648984012712

1.3349677348771876
5.888985026444114
6.650806359312158
6.4802368311471445
6.106447326831293
3.114668863863234

7.3932344483104995
6.030741707882918
3.3424362815737534
2.711152483445939
7.6161537925244325
1.4467837715232506

3.1142846175045826
3.9291332514850588
4.774050276135426
2.343697024687705
2.73446622121657
4.809444628274799
2.00917014668326
3.4109502515656573

2.7809160957040033
3.1331589392238124
7.850992778422198
4.472470320331811
0.8446376530855322
8.972331345130083

2.3306090075726043
5.783665834283832
6.089514388789582
4.015502503427157
6.469086963064049
2.6901677402008697
6.066788142612788

4.069567902518256
8.94427190999916
4.237587512446472
3.6660838697676548
4.715422375689612
4.453924121262031
0.8653117065484593

4.340181163449743
4.931969619160797
8.132248448355023
4.185877176758792
6.818924327288789
9.60702912874506
5.794431116461689

4.159598218436529
5.938289930471126
5.445855456508542
3.869196171344226
10.374908586424612
3.87872258467769
5.934154700788721

5.852631673608473
2.493255761255413
6.997775227276714
7.975623747761444
7.45754444410511
3.9048323970924557
2.5196215457017037
4.746705434824662

6.317653233778467
9.412734418000447
6.1320871711670994
5.7923986793877855
2.6111119853957745
4.17702416370763
5.133539954988089
11.59129849818542

1.6556200232768397
6.106601241695585
9.598852454882055
2.804707049680423
0.70716911310748
2.829790813714474
5.045835826072162
1.4462712387101382

5.021242428871924
2.958933246124636
5.536893011057361
1.8282673622441887
7.258241603574422
2.4014374410625874
2.738507373709216
1.2325804767937119
3.175776370520486

6.813064495724797
2.2509748507150635
8.771097749386906
2.7000792695458196
3.138657511856731
4.21440231516494
5.346060120833335
14.32387958010646

2.222445679077282
6.372579074636893
4.958166292729729
21.10028494099998
3.733389686810537
2.362012185086986
3.1408652115686606
0.61804290751359
2.9377034219227616
6.972897840912008

6.528228187288339
2.7437131260252476
7.786289483695057
3.344483749174737
2.883690657895473
2.261438010947675
3.2485527851108023
5.222745169456125
7.973208125933315

4.360934973850677
4.751429088074633
7.857586166034256
5.90082422532329
1.9897856707722201
2.0910034380282325
5.924507876530534
6.0380076366956335
0.6773906360168828

5.193382307831153
4.732456842310878
7.4569865360914305
2.095268691989724
5.8125267421343665
2.9242798896209323
3.964967421310596
6.6828635194761175

5.3356533977713365
2.3602630259381536
8.681008830172875
6.215750602747526
3.0247211437239394
4.706088116162104
4.311619505407423

2.6732018959032495
4.035937347080534
4.140199717906057
1.6166088074364644
7.301462601541112
5.317600915853616
2.650375406601511
4.5344121812318665
3.590540387858905

1.551380121908986
5.244016652280845
1.4416536003126088
4.679033661886934
7.1766678030202735
4.031367086889751
10.371826851802341
10.587351860663789
1.5565914362843418

