frame00000
37 (220.0270, 122.8919)
1 (254.0000, 223.0000)
17 (255.4118, 233.8824)
23 (265.8261, 316.4348)
36 (297.8333, 394.5000)
39 (312.3077, 215.8205)
23 (373.0000, 357.1739)
19 (390.8421, 144.8421)
31 (433.7742, 375.4839)
32 (475.5000, 44.5000)
31 (525.2903, 443.2903)
24 (591.0000, 399.5000)
35 (632.7714, 154.5714)
frame00001
29 (214.7241, 82.8276)
36 (223.6111, 116.6667)
1 (254.0000, 223.0000)
42 (260.2381, 234.8571)
35 (266.0286, 315.7143)
31 (286.5806, 355.4516)
37 (299.0541, 399.1351)
35 (310.5143, 214.6000)
31 (370.9355, 365.4194)
28 (393.5000, 144.2143)
27 (431.2593, 380.4074)
36 (477.8611, 49.3889)
38 (521.7105, 445.8421)
35 (588.5714, 402.1143)
13 (638.1538, 155.0000)
frame00002
31 (210.8710, 80.0645)
43 (224.4884, 113.6512)
40 (255.8500, 237.2250)
1 (254.0000, 223.0000)
42 (262.8095, 319.2619)
38 (292.8421, 357.2105)
23 (300.2609, 396.9565)
39 (309.8718, 219.1282)
22 (369.9545, 365.9091)
33 (393.6364, 142.6667)
21 (436.1905, 380.9524)
36 (480.8611, 45.6111)
35 (523.6286, 448.4286)
21 (586.7143, 401.3810)
21 (633.3810, 156.7619)
frame00003
39 (212.1026, 80.6410)
38 (224.4211, 118.6579)
1 (254.0000, 223.0000)
42 (262.0952, 324.0714)
38 (264.6316, 236.9211)
36 (287.0556, 355.7500)
27 (300.9630, 402.7778)
41 (304.2927, 218.0732)
22 (376.0909, 362.0909)
1 (390.0000, 324.0000)
33 (396.4242, 143.4242)
16 (442.8750, 376.6875)
40 (474.4000, 48.4000)
35 (524.2286, 452.4286)
32 (587.8125, 396.2812)
26 (631.6923, 156.5000)
frame00004
37 (220.4054, 78.5135)
39 (222.5897, 114.0000)
1 (254.0000, 223.0000)
40 (258.6750, 326.0250)
42 (260.0000, 239.6667)
36 (301.5000, 224.6944)
32 (374.5000, 361.5000)
11 (394.6364, 135.4545)
1 (442.0000, 383.0000)
44 (474.1364, 49.0909)
34 (513.1765, 450.4412)
28 (588.3571, 398.5357)
36 (630.2222, 153.6667)
frame00005
41 (218.4634, 79.2439)
40 (223.1500, 112.6750)
1 (254.0000, 223.0000)
40 (256.8250, 244.2250)
18 (279.8889, 357.5556)
38 (302.5526, 224.0789)
39 (376.4359, 360.9231)
1 (390.0000, 324.0000)
6 (393.5000, 134.0000)
46 (474.5217, 51.0217)
1 (488.0000, 228.0000)
38 (516.0789, 449.3684)
32 (591.0313, 400.5625)
32 (633.5000, 153.8750)
frame00006
42 (213.9524, 81.0714)
42 (226.2619, 112.8095)
42 (254.1190, 247.8810)
1 (254.0000, 223.0000)
39 (281.1538, 359.1795)
40 (302.8250, 218.9500)
37 (373.1622, 356.5946)
6 (427.5000, 0.3333)
42 (477.6905, 47.9286)
35 (521.1714, 446.0000)
38 (588.9474, 395.9211)
32 (635.5000, 156.5000)
frame00007
43 (210.3488, 80.8140)
47 (229.7660, 113.5745)
40 (253.8500, 248.7750)
1 (254.0000, 223.0000)
7 (257.5714, 325.2857)
3 (260.0000, 326.0000)
42 (279.8095, 354.4048)
39 (304.4359, 223.9231)
38 (368.9211, 359.9474)
8 (400.0000, 137.5000)
45 (479.5778, 46.0444)
26 (520.3077, 453.5000)
31 (586.0000, 392.0000)
18 (637.6667, 153.0000)
frame00008
41 (211.5122, 79.8293)
43 (236.9767, 121.5814)
38 (252.1579, 252.2105)
1 (254.0000, 223.0000)
21 (262.0000, 325.6190)
41 (284.8537, 354.1463)
26 (303.1154, 218.3462)
41 (366.8780, 366.0244)
2 (429.5000, 387.0000)
41 (481.6098, 44.9024)
29 (522.4138, 453.7241)
28 (580.5357, 392.0000)
11 (636.6364, 157.0000)
frame00009
38 (210.0263, 74.7895)
46 (233.4130, 127.3478)
1 (254.0000, 223.0000)
35 (258.0000, 249.8286)
29 (287.1379, 355.4138)
37 (302.0270, 215.8919)
30 (360.2000, 373.6667)
8 (405.8750, 141.8750)
51 (488.3529, 43.0784)
36 (523.3889, 458.8611)
14 (575.3571, 394.2143)
21 (637.3810, 154.4762)
frame00010
6 (63.1667, 361.3333)
27 (209.0741, 73.4074)
47 (232.2340, 122.5532)
34 (255.4118, 255.3235)
1 (254.0000, 223.0000)
43 (285.3721, 358.4651)
23 (300.3478, 208.1739)
35 (367.4286, 375.7714)
34 (490.4118, 44.3235)
38 (517.9474, 462.9211)
33 (579.0909, 394.3030)
16 (638.0625, 153.1875)
frame00011
2 (61.5000, 362.0000)
41 (231.2195, 127.2195)
36 (255.3889, 257.1389)
1 (254.0000, 223.0000)
33 (280.5455, 357.4242)
27 (297.2593, 213.4074)
38 (365.6842, 374.8158)
9 (409.0000, 142.0000)
45 (492.9556, 44.8000)
26 (577.2308, 394.6923)
18 (637.9444, 154.3333)
frame00012
2 (153.5000, 271.0000)
40 (236.0750, 131.8000)
26 (249.8846, 321.3077)
22 (253.9091, 255.9091)
1 (254.0000, 223.0000)
22 (279.7727, 361.0909)
36 (301.6111, 215.8611)
37 (368.7568, 379.5946)
17 (404.8824, 142.4118)
38 (488.6842, 46.8158)
10 (638.6000, 158.5000)
frame00013
36 (212.3889, 83.1389)
38 (229.2895, 131.7632)
33 (241.4848, 317.0909)
18 (252.8889, 256.2778)
1 (254.0000, 223.0000)
26 (279.6154, 359.0769)
40 (294.9500, 226.0750)
36 (371.1667, 382.5000)
24 (403.6667, 144.8750)
36 (484.9722, 53.9167)
frame00014
19 (56.4211, 367.1053)
35 (215.8571, 84.7714)
35 (235.2286, 130.4286)
33 (234.4848, 323.6061)
2 (249.0000, 259.5000)
1 (254.0000, 223.0000)
41 (277.7317, 356.0976)
35 (291.7714, 227.5714)
37 (371.0270, 383.8919)
34 (404.0000, 145.2647)
37 (480.1622, 56.9189)
23 (587.0000, 389.4348)
9 (638.5556, 157.2222)
frame00015
36 (49.4167, 365.0000)
8 (153.1250, 278.8750)
40 (217.8500, 76.1750)
33 (230.4242, 324.4242)
34 (237.0000, 131.2647)
1 (254.0000, 223.0000)
47 (275.3191, 355.4255)
28 (288.5000, 226.5000)
35 (367.0571, 383.2857)
28 (396.7857, 147.5000)
37 (478.2973, 59.4054)
28 (582.9286, 384.7143)
frame00016
35 (52.4286, 364.2286)
15 (153.4000, 275.4000)
38 (223.0789, 77.8158)
40 (234.9000, 321.3500)
33 (238.8182, 124.1818)
1 (254.0000, 223.0000)
41 (275.8537, 358.1463)
26 (289.1923, 221.1923)
13 (358.0000, 0.8462)
37 (366.1622, 384.0270)
32 (397.7500, 143.9063)
27 (480.4074, 54.2593)
31 (514.4516, 462.4194)
4 (586.5000, 383.5000)
9 (638.6667, 150.6667)
frame00017
33 (52.5758, 364.5758)
13 (150.3846, 275.6154)
38 (226.9474, 69.9211)
43 (235.8837, 321.1163)
24 (244.0000, 122.2917)
1 (254.0000, 223.0000)
44 (275.6591, 365.6591)
38 (286.6842, 223.1842)
25 (366.0400, 379.4000)
28 (394.3929, 145.8214)
27 (481.4444, 52.5926)
35 (511.9143, 459.4571)
1 (636.0000, 151.0000)
frame00018
33 (49.4242, 364.5758)
12 (148.5000, 273.5000)
32 (227.3438, 72.4688)
41 (232.7561, 317.0000)
33 (243.1818, 123.2424)
1 (254.0000, 223.0000)
40 (275.3500, 366.9250)
34 (286.8529, 225.3824)
37 (364.9189, 374.1622)
25 (394.2400, 145.8000)
42 (482.3095, 59.7381)
24 (512.0000, 455.5000)
frame00019
38 (51.9474, 363.9211)
6 (153.0000, 260.5000)
38 (227.7895, 77.8947)
41 (233.9756, 315.5854)
46 (241.7174, 127.1739)
1 (254.0000, 223.0000)
35 (276.7714, 372.5714)
22 (285.0455, 227.7273)
37 (360.4595, 370.9189)
17 (394.6471, 151.0000)
39 (483.8718, 56.1282)
24 (491.5417, 253.3750)
22 (514.9091, 448.9091)
frame00020
34 (51.9118, 357.2059)
3 (157.3333, 265.3333)
32 (218.6562, 78.5312)
32 (234.5000, 314.0000)
44 (245.7955, 123.2500)
1 (243.0000, 127.0000)
1 (254.0000, 223.0000)
33 (278.6970, 368.7576)
22 (291.1364, 223.9545)
41 (360.0000, 362.7561)
3 (365.0000, 0.0000)
23 (397.4348, 142.1739)
6 (431.8333, 403.8333)
39 (485.0769, 53.5385)
30 (497.6667, 246.5000)
24 (512.8750, 442.6667)
frame00021
6 (35.0000, 263.5000)
37 (52.5946, 363.1622)
40 (225.9500, 78.9250)
30 (240.6333, 316.3667)
43 (242.1163, 120.6047)
1 (254.0000, 223.0000)
38 (275.8947, 369.7895)
35 (289.8857, 222.1143)
41 (355.9024, 366.2683)
29 (399.4483, 139.5862)
11 (435.3636, 402.9091)
40 (489.1000, 56.8500)
18 (501.3333, 241.0000)
13 (507.8462, 440.8462)
frame00022
4 (32.5000, 262.5000)
32 (50.5000, 360.5000)
40 (218.9500, 78.8250)
30 (235.9000, 321.9667)
45 (242.3333, 120.4444)
1 (254.0000, 223.0000)
40 (274.7000, 369.1750)
28 (286.5000, 222.7857)
27 (352.4815, 368.1111)
31 (394.7419, 139.6129)
17 (439.5882, 407.1176)
39 (491.1282, 56.1282)
frame00023
33 (46.4545, 366.7879)
7 (158.0000, 268.2857)
39 (220.0000, 76.5897)
25 (229.9600, 322.4000)
38 (248.4737, 119.1842)
1 (254.0000, 223.0000)
41 (274.1220, 370.0244)
24 (289.7083, 221.0000)
20 (350.3000, 370.1000)
30 (397.6333, 139.3667)
24 (440.0000, 406.7083)
33 (491.4242, 56.4242)
23 (507.4783, 440.6087)
frame00024
38 (47.9211, 368.9474)
38 (225.2105, 79.1053)
16 (232.0000, 318.5000)
36 (250.3889, 116.8333)
1 (254.0000, 223.0000)
38 (268.5000, 371.8684)
23 (287.4348, 218.8261)
23 (349.6087, 362.0435)
26 (396.5000, 134.0000)
20 (434.0500, 405.9000)
38 (491.9211, 53.5263)
34 (502.5000, 248.7059)
19 (513.8421, 439.1579)
frame00025
28 (48.0357, 370.4286)
34 (227.9118, 78.9706)
17 (232.4706, 316.6471)
40 (248.0750, 114.2000)
1 (254.0000, 223.0000)
44 (270.0000, 368.5000)
8 (285.5000, 226.0000)
29 (345.2759, 360.5862)
37 (398.4595, 131.0811)
5 (436.0000, 409.0000)
41 (492.5854, 52.6585)
30 (503.0333, 248.6000)
19 (515.7895, 438.8421)
frame00026
38 (48.0789, 371.5526)
2 (156.5000, 258.0000)
36 (222.5000, 84.8333)
19 (231.7895, 315.3684)
41 (253.7317, 114.8537)
1 (254.0000, 223.0000)
38 (269.7895, 366.8421)
14 (285.7857, 228.3571)
31 (341.4516, 361.5806)
41 (401.7561, 128.0000)
29 (494.3103, 52.4483)
41 (504.0000, 242.0000)
11 (518.1818, 445.4545)
frame00027
32 (48.7812, 370.0625)
38 (222.5000, 80.0000)
12 (236.5000, 312.5000)
1 (254.0000, 223.0000)
41 (260.2439, 109.0000)
39 (272.8718, 365.8718)
17 (289.8824, 227.4118)
39 (336.0000, 367.1538)
1 (339.0000, 371.0000)
38 (406.3158, 131.6842)
19 (499.2105, 51.3684)
41 (504.0000, 245.2439)
1 (517.0000, 445.0000)
frame00028
36 (50.0833, 364.9722)
32 (217.5000, 82.5000)
8 (232.8750, 309.8750)
41 (251.2927, 111.0732)
1 (254.0000, 223.0000)
37 (272.1622, 363.5946)
2 (289.5000, 224.0000)
36 (335.4167, 366.6667)
38 (404.6842, 131.8158)
16 (497.5000, 52.5000)
40 (504.7750, 241.2500)
frame00029
38 (48.1316, 360.2632)
38 (219.0000, 90.5000)
36 (238.1389, 315.3889)
1 (254.0000, 223.0000)
39 (257.8974, 119.0000)
33 (273.0909, 360.4848)
41 (337.2683, 370.9024)
37 (409.4595, 129.9189)
3 (416.3333, 405.3333)
7 (499.1429, 61.7143)
40 (503.9500, 240.8250)
frame00030
37 (50.2703, 363.6757)
36 (218.2222, 86.3333)
22 (239.9091, 327.9091)
39 (255.5897, 115.0000)
1 (254.0000, 223.0000)
25 (274.5600, 358.8000)
39 (335.7949, 374.6923)
38 (410.5000, 128.0000)
1 (499.0000, 63.0000)
39 (507.4359, 239.9231)
frame00031
28 (50.2143, 368.5000)
36 (217.3889, 86.8611)
32 (237.4375, 323.0312)
40 (256.1000, 118.5500)
1 (254.0000, 223.0000)
32 (269.3437, 364.3750)
39 (339.1282, 371.8718)
40 (407.5000, 131.5000)
38 (508.3947, 241.8421)
22 (508.9091, 440.9091)
frame00032
34 (51.4118, 368.3235)
42 (223.0000, 82.3333)
21 (240.8095, 322.0476)
41 (255.1463, 123.8537)
1 (254.0000, 223.0000)
28 (274.8571, 364.6071)
33 (342.3939, 369.5455)
41 (401.0000, 132.2439)
3 (413.6667, 399.3333)
23 (504.8261, 436.0000)
16 (507.1875, 53.1250)
40 (511.9250, 243.9500)
frame00033
31 (46.4516, 372.5806)
38 (222.5000, 82.0000)
12 (240.2500, 325.3333)
42 (255.0714, 127.9524)
1 (254.0000, 223.0000)
37 (279.7568, 368.7568)
3 (333.3333, 7.6667)
29 (346.4138, 367.7241)
39 (401.6410, 128.8974)
19 (504.1053, 437.5789)
10 (505.5000, 55.8000)
40 (512.5500, 249.9000)
frame00034
26 (49.5000, 371.0000)
35 (217.6000, 75.5143)
42 (252.0952, 125.6190)
1 (254.0000, 223.0000)
40 (284.2500, 369.4000)
8 (288.8750, 221.8750)
37 (345.4595, 366.9189)
30 (403.3667, 130.6333)
28 (501.1429, 444.2143)
1 (506.0000, 48.0000)
37 (509.1351, 254.2973)
frame00035
13 (47.6154, 370.6154)
39 (211.8718, 78.8718)
43 (248.0698, 124.2791)
1 (254.0000, 223.0000)
32 (276.6563, 364.0000)
8 (284.0000, 216.5000)
40 (348.8000, 365.0750)
32 (401.0000, 136.6562)
32 (503.0938, 438.9688)
41 (507.4634, 243.0244)
frame00036
32 (45.5000, 371.5000)
37 (213.5405, 81.7838)
39 (244.7436, 123.9231)
1 (254.0000, 223.0000)
32 (277.5000, 363.5000)
21 (287.0000, 214.0000)
36 (349.0833, 367.0278)
32 (407.5000, 130.5000)
28 (508.6786, 440.6786)
4 (508.5000, 40.5000)
39 (512.5128, 240.6410)
frame00037
41 (210.8780, 78.0244)
34 (250.0882, 123.1471)
1 (254.0000, 223.0000)
34 (277.2059, 362.0882)
21 (289.0000, 222.0000)
35 (348.7714, 372.4286)
29 (402.5862, 129.2759)
35 (507.3714, 245.2286)
31 (514.4194, 439.2581)
frame00038
9 (40.7778, 368.7778)
31 (208.4194, 72.5484)
2 (237.0000, 326.5000)
34 (257.2647, 125.2353)
1 (254.0000, 223.0000)
33 (278.4242, 361.4242)
2 (290.5000, 219.0000)
16 (328.0000, 4.5000)
33 (344.5455, 373.2121)
30 (401.4000, 132.0333)
26 (506.6923, 41.5000)
25 (508.8800, 437.2800)
33 (509.4848, 249.6061)
frame00039
26 (214.9231, 67.0769)
4 (234.5000, 325.5000)
26 (255.5000, 125.0000)
1 (254.0000, 223.0000)
26 (280.5000, 360.0000)
9 (291.0000, 218.0000)
8 (321.0000, 0.3750)
38 (344.5000, 368.0000)
39 (398.4359, 133.9231)
15 (507.1333, 44.5333)
16 (509.3750, 434.4375)
29 (514.4138, 249.7241)
frame00040
6 (233.0000, 328.5000)
1 (254.0000, 223.0000)
24 (258.1250, 126.3333)
31 (279.4516, 357.5806)
20 (327.2500, 2.7500)
32 (350.5000, 371.5000)
40 (388.9250, 136.8000)
10 (503.0000, 51.2000)
34 (505.9706, 428.8529)
22 (512.9091, 246.9091)
frame00041
4 (39.0000, 363.5000)
2 (215.0000, 62.5000)
2 (217.0000, 63.5000)
24 (255.7083, 130.0000)
1 (254.0000, 223.0000)
36 (277.5278, 357.2222)
1 (288.0000, 218.0000)
28 (332.5714, 9.1786)
31 (355.9355, 371.5806)
42 (382.9286, 133.9286)
34 (500.5000, 429.7059)
7 (504.0000, 47.7143)
14 (513.0000, 248.4286)
frame00042
32 (212.7500, 59.6875)
1 (254.0000, 223.0000)
16 (257.0000, 131.5000)
35 (277.4571, 356.9143)
39 (332.9487, 15.7179)
37 (360.5946, 371.0000)
30 (379.6667, 129.8667)
1 (390.0000, 324.0000)
6 (464.0000, 477.5000)
36 (499.5000, 432.1667)
12 (506.5000, 249.5000)
1 (506.0000, 48.0000)
frame00043
38 (221.0789, 62.8158)
24 (244.9167, 313.0833)
1 (254.0000, 223.0000)
12 (263.5000, 127.5000)
40 (282.8000, 356.9250)
39 (328.8718, 18.0256)
29 (366.5862, 367.2759)
34 (503.5000, 432.7059)
13 (506.6154, 242.6154)
frame00044
38 (220.5000, 60.0000)
25 (242.9600, 315.6000)
1 (254.0000, 223.0000)
12 (267.3333, 123.2500)
36 (280.5000, 360.8333)
39 (330.6410, 12.1026)
18 (368.5000, 367.7778)
37 (503.1081, 431.9730)
2 (501.0000, 244.5000)
frame00045
39 (223.8718, 51.8718)
60 (237.7000, 320.6667)
1 (254.0000, 223.0000)
18 (269.7222, 122.8889)
40 (279.6750, 361.0250)
38 (339.0789, 14.9737)
3 (370.3333, 357.6667)
33 (497.7576, 433.0000)
frame00046
37 (226.5946, 51.8378)
10 (231.8000, 323.0000)
40 (239.4000, 320.5250)
1 (254.0000, 223.0000)
23 (270.2174, 117.6087)
36 (284.6667, 355.7778)
10 (340.9000, 19.8000)
24 (376.0833, 352.9167)
35 (494.1714, 427.7429)
9 (497.0000, 243.0000)
14 (585.0000, 392.4286)
frame00047
36 (231.5833, 55.4722)
34 (244.2647, 322.0000)
1 (254.0000, 223.0000)
30 (267.3667, 107.3667)
21 (285.1905, 357.0476)
34 (375.7059, 353.5000)
32 (494.3750, 425.6562)
21 (503.0000, 244.0000)
36 (582.4167, 396.0000)
frame00048
31 (232.9355, 59.4194)
36 (247.6389, 325.3889)
1 (254.0000, 223.0000)
18 (271.7778, 102.5000)
32 (381.0000, 350.6562)
5 (500.4000, 232.2000)
36 (584.6389, 397.8056)
3 (634.3333, 10.6667)
frame00049
24 (235.3333, 59.1250)
31 (251.4516, 324.7097)
1 (254.0000, 223.0000)
12 (262.3333, 102.2500)
38 (383.9474, 346.9211)
13 (400.6154, 407.6154)
22 (497.9091, 234.9091)
33 (580.4848, 387.6061)
frame00050
35 (231.0000, 58.1714)
31 (254.1290, 322.0323)
1 (254.0000, 223.0000)
14 (258.0000, 105.1429)
15 (285.4667, 355.3333)
23 (379.5652, 342.8261)
21 (401.1905, 411.8571)
7 (492.1429, 431.2857)
39 (498.6410, 235.8974)
34 (586.8824, 387.1471)
2 (637.0000, 5.5000)
frame00051
4 (183.5000, 108.5000)
36 (226.4167, 54.3333)
31 (254.4839, 323.0968)
1 (254.0000, 223.0000)
35 (289.1143, 352.7429)
10 (383.5000, 339.8000)
12 (403.3333, 412.7500)
16 (486.0000, 433.5000)
31 (497.7419, 234.3548)
34 (583.7941, 384.0882)
frame00052
9 (183.6667, 108.8889)
32 (225.5312, 52.9688)
1 (254.0000, 223.0000)
7 (258.7143, 102.0000)
37 (288.1622, 356.5946)
37 (362.4595, 113.0811)
12 (412.0000, 412.5000)
36 (495.0278, 227.3889)
33 (590.3030, 385.9091)
frame00053
37 (222.4595, 57.0811)
19 (251.8421, 322.1579)
1 (254.0000, 223.0000)
9 (264.0000, 102.0000)
38 (298.5526, 350.0789)
6 (298.1667, 220.8333)
24 (357.7500, 116.3333)
31 (490.4839, 433.9677)
23 (496.5652, 223.9130)
20 (588.2500, 389.7500)
frame00054
39 (225.8718, 57.8718)
22 (251.9091, 328.0909)
1 (254.0000, 223.0000)
40 (300.9250, 357.8000)
36 (356.3889, 118.1389)
1 (387.0000, 330.0000)
1 (390.0000, 324.0000)
7 (404.0000, 415.2857)
31 (490.5806, 433.4516)
9 (492.6667, 224.8889)
12 (582.5833, 391.5833)
frame00055
34 (226.5000, 61.0000)
33 (249.9091, 333.3030)
1 (254.0000, 223.0000)
2 (269.0000, 101.5000)
30 (301.3333, 354.5000)
39 (353.5897, 114.0000)
1 (390.0000, 324.0000)
12 (405.3333, 415.7500)
14 (489.5000, 223.5000)
19 (493.0000, 436.4737)
frame00056
36 (228.2500, 61.0556)
30 (250.3667, 331.6333)
1 (254.0000, 223.0000)
14 (266.5000, 99.5000)
9 (291.6667, 218.1111)
41 (296.1220, 349.6585)
3 (392.3333, 334.6667)
16 (401.5000, 412.0000)
25 (494.9600, 217.6000)
34 (495.2647, 430.0000)
frame00057
31 (229.7419, 60.5806)
28 (248.9286, 330.7143)
1 (254.0000, 223.0000)
19 (268.7895, 101.0000)
3 (285.3333, 54.6667)
29 (293.1034, 351.3448)
17 (296.0000, 215.3529)
18 (398.7778, 415.5000)
35 (488.4571, 431.9143)
29 (495.1034, 214.4828)
frame00058
16 (228.4375, 65.7500)
32 (249.5000, 322.5000)
1 (254.0000, 223.0000)
22 (265.3182, 103.1364)
5 (284.4000, 48.8000)
27 (296.4074, 218.5556)
1 (390.0000, 324.0000)
33 (484.6970, 429.9091)
34 (492.0000, 213.2647)
11 (582.9091, 395.6364)
frame00059
36 (228.6667, 64.7500)
28 (244.7857, 325.5000)
1 (254.0000, 223.0000)
12 (263.6667, 100.7500)
2 (283.5000, 47.0000)
32 (288.3438, 345.3750)
34 (295.5000, 215.0000)
1 (390.0000, 324.0000)
7 (393.0000, 416.7143)
31 (486.6452, 430.2581)
40 (493.3250, 207.9750)
16 (577.5000, 395.5000)
frame00060
34 (225.2647, 60.0000)
30 (248.3000, 325.7000)
1 (254.0000, 223.0000)
31 (286.2258, 344.0645)
34 (298.6765, 216.9412)
1 (390.0000, 324.0000)
36 (392.8056, 420.0556)
27 (493.7407, 434.4074)
36 (495.8611, 213.3889)
11 (574.3636, 390.3636)
frame00061
40 (227.0750, 63.0500)
29 (245.7241, 322.5862)
1 (254.0000, 223.0000)
6 (280.0000, 106.5000)
33 (299.0909, 218.6970)
5 (386.4000, 334.2000)
1 (390.0000, 324.0000)
18 (391.8889, 423.2778)
30 (497.5333, 430.6333)
36 (500.8056, 211.0556)
14 (577.5000, 195.2857)
frame00062
12 (208.5000, 134.5000)
26 (226.1154, 70.0000)
26 (247.6538, 323.6538)
1 (254.0000, 223.0000)
2 (277.5000, 41.0000)
34 (293.7353, 212.2647)
16 (358.5000, 108.0000)
27 (388.4074, 335.4444)
18 (396.2222, 416.5000)
31 (500.2581, 422.6452)
38 (503.3947, 206.2895)
frame00063
15 (216.2667, 139.0000)
32 (227.5000, 70.5000)
28 (252.5000, 324.2143)
1 (254.0000, 223.0000)
17 (278.4118, 39.1176)
28 (295.2143, 214.5000)
22 (351.2727, 25.9545)
21 (387.0000, 337.0000)
26 (390.8462, 423.3846)
1 (390.0000, 324.0000)
29 (500.7241, 423.4138)
33 (506.4242, 202.4242)
frame00064
5 (212.6000, 135.2000)
37 (232.1351, 68.0541)
29 (253.1034, 322.3103)
1 (254.0000, 223.0000)
31 (300.4516, 217.5806)
23 (354.9565, 27.3913)
16 (389.0000, 421.5000)
22 (392.7273, 338.1818)
33 (505.5758, 198.1212)
25 (507.8000, 430.9200)
frame00065
37 (231.0541, 62.8649)
30 (253.5000, 320.0000)
1 (254.0000, 223.0000)
35 (296.2286, 218.3714)
42 (358.0476, 27.5476)
9 (389.6667, 336.1111)
11 (395.3636, 422.0909)
23 (508.4783, 430.6087)
32 (509.8438, 198.6250)
7 (567.8571, 403.2857)
1 (568.0000, 401.0000)
frame00066
20 (237.1000, 66.3000)
32 (255.0000, 318.3438)
1 (254.0000, 223.0000)
8 (270.1250, 109.8750)
2 (279.0000, 38.5000)
32 (290.8438, 217.3750)
41 (355.7561, 32.9268)
22 (392.9091, 427.0909)
4 (393.5000, 333.5000)
19 (505.2105, 426.3684)
39 (513.8718, 202.8718)
25 (569.9600, 405.6000)
frame00067
26 (239.0385, 60.8077)
26 (252.5000, 317.0000)
1 (254.0000, 223.0000)
2 (276.5000, 346.0000)
7 (278.0000, 37.7143)
1 (277.0000, 100.0000)
34 (287.5000, 224.5000)
25 (357.9200, 36.2800)
29 (390.4483, 429.5862)
1 (390.0000, 324.0000)
25 (511.9200, 423.9600)
38 (515.9211, 204.3684)
frame00068
27 (239.4815, 60.8889)
1 (254.0000, 223.0000)
29 (256.2759, 320.5862)
38 (284.8684, 224.3947)
4 (283.5000, 43.5000)
24 (394.9167, 423.9167)
13 (396.3846, 319.6154)
22 (506.5000, 417.7273)
39 (508.8718, 195.8718)
frame00069
26 (242.0000, 58.5000)
1 (254.0000, 223.0000)
22 (257.6818, 321.2727)
8 (287.1250, 41.1250)
36 (289.3889, 223.1389)
1 (390.0000, 324.0000)
21 (396.8571, 322.8095)
17 (398.0000, 426.6471)
18 (500.7778, 421.5000)
34 (508.0000, 198.2647)
frame00070
17 (5.4118, 381.2941)
32 (233.0000, 63.6562)
1 (254.0000, 223.0000)
27 (261.5926, 323.2593)
17 (285.8824, 40.5882)
38 (292.4737, 219.1842)
28 (397.5000, 426.2143)
20 (400.9500, 321.1000)
20 (500.1000, 196.9500)
13 (502.6154, 414.3846)
frame00071
20 (233.7500, 67.7500)
1 (254.0000, 223.0000)
27 (257.5926, 321.2593)
19 (292.3684, 38.7895)
33 (293.9091, 222.4545)
3 (305.6667, 110.3333)
22 (395.9091, 315.0909)
31 (402.4516, 428.5806)
10 (493.0000, 412.2000)
17 (502.4118, 199.8824)
frame00072
21 (235.0000, 62.0000)
1 (254.0000, 223.0000)
25 (261.9600, 320.6000)
20 (286.7500, 34.2500)
27 (292.4815, 228.8889)
4 (308.5000, 114.5000)
19 (366.6316, 113.0000)
1 (390.0000, 324.0000)
19 (398.1053, 315.4211)
32 (403.5000, 426.5000)
4 (492.0000, 410.2500)
32 (500.5000, 195.5000)
frame00073
20 (233.5500, 66.1000)
1 (254.0000, 223.0000)
8 (263.1250, 314.1250)
24 (287.1250, 32.7917)
28 (292.9643, 234.1071)
28 (393.6429, 425.5357)
12 (400.2500, 318.3333)
12 (491.7500, 409.6667)
33 (498.4545, 197.7879)
frame00074
27 (235.4074, 58.9259)
1 (254.0000, 223.0000)
34 (285.5000, 235.7059)
27 (291.7407, 33.5926)
24 (365.8333, 114.1250)
37 (392.5676, 423.5676)
16 (401.7500, 315.5625)
13 (488.3846, 409.3846)
36 (503.3889, 198.8611)
frame00075
32 (237.3438, 58.3750)
1 (254.0000, 223.0000)
5 (258.2000, 108.6000)
36 (290.1667, 32.5000)
35 (292.5714, 241.7714)
30 (363.2000, 108.5000)
39 (396.1538, 425.0000)
4 (400.5000, 308.5000)
2 (485.5000, 403.0000)
33 (499.6061, 195.5152)
frame00076
37 (239.1622, 63.0270)
1 (254.0000, 223.0000)
1 (271.0000, 113.0000)
35 (280.4286, 40.7714)
36 (298.6667, 240.7778)
41 (361.5610, 114.2683)
8 (394.8750, 311.8750)
37 (399.0811, 428.4595)
19 (488.1579, 402.8421)
30 (502.6000, 198.8333)
frame00077
14 (124.5000, 219.7143)
38 (240.2368, 69.9737)
1 (254.0000, 223.0000)
11 (268.5455, 303.1818)
7 (273.2857, 118.0000)
39 (282.1282, 42.5897)
37 (295.0811, 236.4595)
4 (309.5000, 105.5000)
38 (362.6842, 117.8158)
9 (394.0000, 306.0000)
34 (400.7941, 430.3529)
8 (493.0000, 399.5000)
30 (502.3667, 197.6333)
1 (559.0000, 446.0000)
frame00078
24 (128.0833, 220.9167)
34 (243.3235, 66.4118)
1 (254.0000, 223.0000)
39 (289.0000, 37.8462)
36 (294.0000, 234.4167)
37 (362.7838, 123.4595)
19 (393.0526, 309.6316)
3 (405.6667, 430.3333)
13 (491.6923, 398.9231)
30 (510.3667, 204.6333)
11 (555.6364, 435.4545)
frame00079
35 (127.5714, 220.7714)
36 (248.5000, 59.8333)
1 (254.0000, 223.0000)
37 (290.9189, 233.5405)
35 (293.6571, 39.6857)
39 (362.7692, 121.8462)
9 (393.0000, 312.0000)
10 (400.9000, 426.2000)
30 (514.0333, 201.4000)
frame00080
29 (127.4828, 222.1034)
39 (247.6923, 65.6667)
1 (254.0000, 223.0000)
39 (285.8718, 237.8718)
35 (295.3429, 45.9429)
36 (356.7778, 120.6667)
22 (389.9091, 315.9091)
1 (390.0000, 324.0000)
27 (401.7778, 426.2963)
6 (488.1667, 392.6667)
28 (511.0000, 202.1071)
frame00081
27 (122.1481, 227.2222)
29 (249.7241, 71.3448)
1 (254.0000, 223.0000)
34 (282.5294, 237.8529)
37 (292.7568, 46.7568)
5 (298.2000, 106.4000)
37 (357.4595, 113.0811)
27 (387.9259, 311.4074)
35 (400.9143, 427.4571)
30 (484.0000, 391.3000)
13 (515.4615, 197.8462)
frame00082
26 (121.6154, 224.1538)
27 (246.1111, 72.8889)
1 (254.0000, 223.0000)
38 (282.5526, 233.0789)
33 (292.5455, 49.0909)
13 (291.9231, 107.3077)
40 (354.7250, 113.0750)
33 (392.6061, 312.5152)
33 (402.9091, 427.6970)
27 (486.2963, 388.7778)
15 (518.1333, 203.4667)
frame00083
6 (126.5000, 220.0000)
21 (246.0000, 72.0000)
1 (254.0000, 223.0000)
37 (279.8919, 232.2703)
28 (289.6071, 50.1786)
33 (290.4848, 104.6061)
39 (362.4872, 111.8974)
36 (388.9444, 315.0833)
1 (390.0000, 324.0000)
37 (403.0541, 426.8649)
30 (488.4000, 397.5000)
10 (521.3000, 207.3000)
frame00084
6 (130.5000, 218.0000)
31 (246.8710, 71.1290)
1 (254.0000, 223.0000)
35 (281.9143, 233.4286)
29 (284.4138, 52.7241)
36 (295.1667, 108.5000)
11 (341.9091, 19.6364)
39 (358.6410, 113.0513)
37 (394.7568, 312.2432)
33 (404.5152, 424.6061)
28 (493.5000, 394.2143)
22 (519.9091, 204.9091)
14 (561.2857, 459.5000)
frame00085
35 (244.5714, 67.7714)
1 (254.0000, 223.0000)
29 (276.4138, 48.7241)
37 (283.1351, 237.4865)
39 (298.6154, 109.7436)
3 (349.3333, 116.3333)
37 (396.7568, 307.9730)
35 (402.6286, 420.5714)
32 (492.9688, 393.5312)
28 (522.6786, 200.7500)
8 (563.1250, 460.1250)
frame00086
27 (242.2593, 71.4444)
1 (254.0000, 223.0000)
16 (276.0000, 48.5000)
37 (286.7027, 240.8919)
39 (298.8718, 117.8718)
36 (392.9167, 309.6389)
31 (408.2581, 424.4194)
30 (484.7667, 398.5333)
33 (521.2424, 206.3636)
20 (561.1000, 459.9500)
frame00087
25 (246.0800, 69.8000)
1 (254.0000, 223.0000)
27 (269.4815, 50.1111)
34 (282.7059, 236.5000)
37 (304.0811, 119.4595)
37 (391.0000, 313.0000)
30 (405.2000, 434.3333)
25 (485.4000, 402.3600)
28 (524.2143, 211.5000)
frame00088
38 (246.0789, 63.9474)
1 (254.0000, 223.0000)
35 (268.3143, 52.3143)
36 (276.0000, 238.5000)
33 (300.8182, 112.1818)
36 (396.8611, 317.6111)
36 (407.9722, 437.0833)
34 (487.9118, 402.5588)
34 (520.2941, 214.1765)
12 (561.5833, 456.7500)
frame00089
38 (250.9474, 59.9211)
1 (254.0000, 223.0000)
38 (260.2895, 47.3947)
38 (275.9211, 244.6316)
28 (284.3571, 305.6071)
33 (295.7576, 115.0000)
15 (350.6000, 121.4000)
39 (398.9487, 319.1795)
36 (412.0278, 436.0833)
28 (487.5357, 407.6786)
39 (516.2821, 225.0513)
22 (559.9091, 453.9091)
frame00090
29 (12.4138, 347.2759)
10 (117.8000, 221.5000)
37 (250.0270, 61.2973)
1 (254.0000, 223.0000)
36 (258.5556, 53.2500)
37 (268.7568, 238.2432)
11 (290.1818, 301.1818)
25 (295.9200, 117.8000)
23 (353.8261, 119.0000)
34 (398.2647, 319.0000)
32 (413.5000, 438.5000)
28 (482.5357, 408.3571)
38 (515.1053, 224.2105)
26 (552.5000, 452.0000)
frame00091
32 (17.1875, 345.7188)
24 (115.6667, 221.8750)
31 (247.3226, 60.0968)
1 (254.0000, 223.0000)
33 (264.0000, 52.2424)
38 (270.4211, 239.0000)
29 (282.7241, 303.4138)
31 (292.7097, 111.2903)
1 (337.0000, 16.0000)
39 (399.1538, 316.7692)
4 (397.5000, 126.5000)
16 (416.9375, 439.1250)
31 (480.4516, 406.5806)
41 (514.0000, 224.7561)
30 (555.3667, 450.6333)
22 (616.2727, 1.2273)
frame00092
31 (24.0000, 345.8065)
32 (116.0000, 226.6562)
33 (245.3030, 61.0909)
1 (254.0000, 223.0000)
24 (266.7083, 51.0000)
39 (275.8718, 245.8718)
30 (283.5000, 306.0000)
27 (289.8889, 112.6667)
16 (395.0000, 132.5000)
38 (396.6842, 320.1842)
11 (420.3636, 436.5455)
19 (485.1053, 408.4211)
39 (518.6410, 222.1026)
29 (569.6897, 450.7931)
36 (617.8333, 3.8056)
frame00093
35 (26.0286, 346.7143)
25 (121.4000, 230.0400)
37 (249.9730, 62.7568)
1 (254.0000, 223.0000)
29 (265.5862, 55.2759)
26 (273.6154, 248.8462)
32 (281.3750, 307.0312)
29 (292.5862, 114.2759)
5 (390.8000, 135.6000)
33 (396.5758, 319.5758)
28 (419.2143, 434.5000)
22 (487.0455, 411.3182)
37 (521.1622, 220.5946)
24 (573.7083, 444.0000)
37 (610.8649, 4.0541)
frame00094
25 (20.9600, 342.6000)
11 (119.3636, 230.9091)
35 (250.2571, 65.4857)
1 (254.0000, 223.0000)
25 (257.8000, 55.2400)
34 (272.7941, 252.0882)
33 (281.8182, 304.1818)
10 (293.8000, 116.0000)
36 (398.2500, 318.0556)
29 (416.7241, 432.4138)
20 (490.0500, 413.9000)
33 (520.4242, 215.4242)
26 (574.0000, 445.5000)
39 (611.0256, 12.0256)
frame00095
26 (17.0385, 340.6923)
12 (116.2500, 227.3333)
41 (251.0488, 70.1707)
1 (254.0000, 223.0000)
27 (258.4074, 63.0741)
38 (272.3684, 257.9737)
30 (282.6333, 302.3667)
19 (295.3684, 121.2105)
5 (383.8000, 128.6000)
34 (397.0882, 319.7941)
25 (410.8000, 432.4800)
28 (487.2143, 411.5000)
36 (523.6944, 220.5000)
20 (578.2500, 449.7500)
2 (603.5000, 229.0000)
38 (611.6842, 12.1842)
frame00096
27 (20.7778, 344.2963)
16 (115.5000, 229.5000)
39 (251.2821, 74.8974)
1 (254.0000, 223.0000)
11 (261.1818, 66.4545)
38 (274.6316, 265.0789)
27 (281.5926, 304.1852)
18 (290.2222, 119.4444)
23 (362.9130, 124.6087)
1 (390.0000, 324.0000)
32 (400.5000, 324.5000)
8 (411.8750, 434.1250)
26 (488.1538, 414.2692)
39 (526.8718, 222.8718)
32 (575.2812, 449.1875)
23 (596.4783, 229.3913)
38 (610.1316, 18.6842)
frame00097
31 (16.4516, 347.4194)
8 (105.1250, 237.1250)
38 (249.0000, 75.5000)
1 (254.0000, 223.0000)
7 (260.7143, 69.0000)
20 (278.7500, 302.7500)
34 (280.4412, 271.5294)
30 (288.3333, 121.2000)
35 (359.3714, 118.2286)
30 (396.6333, 329.3667)
34 (414.2647, 433.0000)
22 (486.0909, 409.9091)
35 (529.5143, 221.4000)
27 (577.7037, 453.2222)
28 (592.5714, 231.1786)
39 (612.2564, 22.4359)
frame00098
33 (16.5455, 350.0909)
6 (103.0000, 241.5000)
39 (251.4359, 78.7179)
1 (254.0000, 223.0000)
12 (262.8333, 70.9167)
18 (281.5000, 307.0000)
31 (284.5806, 271.4516)
5 (287.4000, 110.2000)
35 (289.6857, 120.3143)
37 (366.5946, 117.1622)
1 (390.0000, 324.0000)
14 (396.5000, 331.2857)
27 (418.1852, 429.4074)
26 (489.8846, 402.3077)
37 (529.0000, 224.0000)
32 (581.6562, 451.0000)
24 (599.0000, 236.7083)
43 (614.0698, 25.5349)
frame00099
26 (17.8846, 349.3077)
37 (255.4595, 82.0811)
1 (254.0000, 223.0000)
8 (265.1250, 75.1250)
17 (279.4706, 305.6471)
38 (283.2368, 271.9737)
42 (286.1190, 117.2857)
35 (359.4286, 116.7714)
10 (397.8000, 331.0000)
37 (422.2162, 429.4595)
24 (488.1250, 402.3333)
38 (526.5526, 234.0789)
31 (592.0000, 448.7419)
35 (597.5714, 241.9429)
31 (614.5806, 24.0645)
